Test Case 1
{
  "board": [
    [7, 8, 0, 4, 0, 0, 1, 2, 0],
    [6, 0, 0, 0, 7, 5, 0, 0, 9],
    [0, 0, 0, 6, 0, 1, 0, 7, 8],
    [0, 0, 7, 0, 4, 0, 2, 6, 0],
    [0, 0, 1, 0, 5, 0, 9, 3, 0],
    [9, 0, 4, 0, 6, 0, 0, 0, 5],
    [0, 7, 0, 3, 0, 0, 0, 1, 2],
    [1, 2, 0, 0, 0, 7, 4, 0, 0],
    [0, 4, 9, 2, 0, 6, 0, 0, 7]
  ]
}
Test Case 2
{
  "board": [
    [0, 0, 0, 0, 3, 0, 0, 0, 9],
    [0, 4, 0, 5, 0, 0, 0, 7, 8],
    [2, 9, 0, 0, 0, 1, 0, 5, 0],
    [0, 7, 8, 0, 0, 3, 0, 0, 6],
    [0, 3, 0, 0, 6, 0, 0, 8, 0],
    [6, 0, 0, 8, 0, 0, 9, 3, 0],
    [0, 6, 0, 9, 0, 0, 0, 2, 7],
    [7, 2, 0, 0, 0, 5, 0, 6, 0],
    [8, 0, 0, 0, 7, 0, 0, 0, 0]
  ]
}
Test Case 3
{
  "board": [
    [5, 3, 8, 0, 1, 0, 0, 0, 0],
    [0, 7, 9, 6, 0, 0, 0, 0, 0],
    [0, 0, 4, 0, 0, 2, 0, 0, 0],
    [0, 0, 7, 0, 2, 3, 4, 0, 0],
    [0, 0, 5, 0, 8, 0, 0, 0, 9],
    [4, 6, 0, 0, 9, 0, 0, 0, 1],
    [0, 9, 0, 2, 3, 4, 1, 5, 0],
    [0, 4, 1, 5, 0, 0, 2, 0, 0],
    [0, 0, 0, 8, 6, 1, 0, 3, 0]
  ]
}
Test Case 4
{
  "board": [
    [0, 2, 0, 0, 9, 0, 1, 0, 0],
    [0, 0, 7, 8, 0, 0, 0, 0, 0],
    [0, 0, 0, 0, 0, 0, 3, 6, 0],
    [0, 0, 1, 9, 0, 4, 0, 0, 0],
    [0, 0, 0, 6, 0, 5, 0, 0, 7],
    [8, 0, 0, 0, 0, 0, 0, 0, 9],
    [0, 0, 0, 0, 2, 0, 0, 0, 0],
    [7, 0, 0, 0, 0, 0, 0, 8, 5],
    [4, 9, 0, 0, 3, 0, 0, 0, 0]
  ]
}