Test Case 1
{
  "interns": [],
  "teams": []
}
Test Case 2
{
  "interns": [
    [0]
  ],
  "teams": [
    [0]
  ]
}
Test Case 3
{
  "interns": [
    [0, 1],
    [1, 0]
  ],
  "teams": [
    [0, 1],
    [1, 0]
  ]
}
Test Case 4
{
  "interns": [
    [0, 1],
    [0, 1]
  ],
  "teams": [
    [0, 1],
    [0, 1]
  ]
}
Test Case 5
{
  "interns": [
    [0, 1],
    [0, 1]
  ],
  "teams": [
    [0, 1],
    [1, 0]
  ]
}
Test Case 6
{
  "interns": [
    [0, 1],
    [1, 0]
  ],
  "teams": [
    [0, 1],
    [0, 1]
  ]
}
Test Case 7
{
  "interns": [
    [1, 0],
    [0, 1]
  ],
  "teams": [
    [0, 1],
    [1, 0]
  ]
}
Test Case 8
{
  "interns": [
    [0, 1, 2],
    [2, 1, 0],
    [1, 2, 0]
  ],
  "teams": [
    [2, 1, 0],
    [0, 1, 2],
    [0, 2, 1]
  ]
}
Test Case 9
{
  "interns": [
    [0, 1, 2],
    [0, 2, 1],
    [1, 2, 0]
  ],
  "teams": [
    [2, 1, 0],
    [0, 1, 2],
    [0, 2, 1]
  ]
}
Test Case 10
{
  "interns": [
    [0, 1, 2],
    [0, 1, 2],
    [0, 1, 2]
  ],
  "teams": [
    [2, 1, 0],
    [2, 1, 0],
    [2, 1, 0]
  ]
}
Test Case 11
{
  "interns": [
    [0, 1, 2, 3],
    [2, 1, 3, 0],
    [0, 2, 3, 1],
    [3, 1, 0, 2]
  ],
  "teams": [
    [1, 3, 2, 0],
    [0, 1, 2, 3],
    [1, 2, 3, 0],
    [3, 0, 2, 1]
  ]
}
Test Case 12
{
  "interns": [
    [0, 1, 2, 3],
    [0, 1, 3, 2],
    [0, 2, 3, 1],
    [0, 2, 3, 1]
  ],
  "teams": [
    [1, 3, 2, 0],
    [0, 1, 2, 3],
    [1, 2, 3, 0],
    [3, 0, 2, 1]
  ]
}
Test Case 13
{
  "interns": [
    [0, 1, 2, 3],
    [0, 1, 3, 2],
    [0, 2, 3, 1],
    [0, 2, 3, 1]
  ],
  "teams": [
    [1, 3, 2, 0],
    [0, 1, 2, 3],
    [1, 3, 2, 0],
    [3, 0, 2, 1]
  ]
}